0.0000000000000000000
0.0000000000000000000
0.0000000000000000000
0.0000000000000000000
0.0000000000000000000
0.0000000000000000000
0.0000000000000000000
0.0000000000000000000
0.0000000000000000000
0.0000000000000000000
0.0000000000000000000
0.0000000000000000000
0.0000000000000000000
0.0000000000000000000
0.0000000000000000000
0.0000000000000000000
0.0000000000000000000
0.0000000000000000000
0.0000000000000000000
0.0000000000000000000
0.0000000000000000000
0.0000000000000000000
0.0000000000000000000
0.0000000000000000000
0.0000000000000000000
0.0000000000000000000
0.0000000000000000000
0.0000000000000000000
0.0000000000000000000
0.0000000000000000000
0.0000000000000000000
0.0000000000000000000
0.0000000000000000000
0.0000000000000000000
0.0000000000000000000
0.0000000000000000000
0.0000000000000000000
0.0000000000000000000
0.0000000000000000001
0.0000000000000000003
0.0000000000000000021
0.0000000000000000123
0.0000000000000000693
0.0000000000000003738
0.0000000000000019372
0.0000000000000096430
0.0000000000000461185
0.0000000000002119488
0.0000000000009361073
0.0000000000039736799
0.0000000000162126140
0.0000000000635788784
0.0000000002396434647
0.0000000008681423626
0.0000000030224215588
0.0000000101113739423
0.0000000325008448146
0.0000001003534857434
0.0000002975999922046
0.0000008474033676334
0.0000023162358715313
0.0000060753727777871
0.0000152864218279803
0.0000368815256802065
0.0000852885281354776
0.0001889468931001351
0.0004007964399093775
0.0008135569526518706
0.0015792576139712783
0.0029296373128742553
0.0051896432399486814
0.0087712280111808729
0.0141314229069025160
0.0216810871996312580
0.0316426678048672350
0.0438778326894159050
0.0577339903808104100
0.0719800399552960880
0.0848995343062466520
0.0945716331512621020
0.0993002148088252270
0.0980742862309385010
0.0908981189457478830
0.0788513802902873210
0.0638320697588040110
0.0480617937007465500
0.0335314839772650270
0.0215834839393889910
0.0127538768732753120
0.0068784953923282585
0.0033628199695827045
0.0014781626239923976
0.0005784114615622427
0.0001990232986020620
0.0000592835357538057
0.0000149768932430667
0.0000031201860923056
0.0000005146698708958
0.0000000630208005178
0.0000000050925899408
0.0000000002037035976

0.0000000000000000000
0.0000000000000000000
0.0000000000000000000
0.0000000000000000000
0.0000000000000000000
0.0000000000000000000
0.0000000000000000000
0.0000000000000000000
0.0000000000000000000
0.0000000000000000000
0.0000000000000000000
0.0000000000000000000
0.0000000000000000000
0.0000000000000000000
0.0000000000000000000
0.0000000000000000000
0.0000000000000000000
0.0000000000000000000
0.0000000000000000000
0.0000000000000000000
0.0000000000000000000
0.0000000000000000000
0.0000000000000000000
0.0000000000000000000
0.0000000000000000000
0.0000000000000000000
0.0000000000000000000
0.0000000000000000000
0.0000000000000000000
0.0000000000000000000
0.0000000000000000000
0.0000000000000000000
0.0000000000000000000
0.0000000000000000000
0.0000000000000000000
0.0000000000000000000
0.0000000000000000000
0.0000000000000000000
0.0000000000000000001
0.0000000000000000003
0.0000000000000000021
0.0000000000000000123
0.0000000000000000693
0.0000000000000003738
0.0000000000000019372
0.0000000000000096430
0.0000000000000461185
0.0000000000002119488
0.0000000000009361073
0.0000000000039736799
0.0000000000162126140
0.0000000000635788784
0.0000000002396434647
0.0000000008681423626
0.0000000030224215588
0.0000000101113739423
0.0000000325008448146
0.0000001003534857434
0.0000002975999922046
0.0000008474033676334
0.0000023162358715313
0.0000060753727777871
0.0000152864218279803
0.0000368815256802065
0.0000852885281354776
0.0001889468931001351
0.0004007964399093775
0.0008135569526518706
0.0015792576139712783
0.0029296373128742553
0.0051896432399486814
0.0087712280111808729
0.0141314229069025160
0.0216810871996312580
0.0316426678048672350
0.0438778326894159050
0.0577339903808104100
0.0719800399552960880
0.0848995343062466520
0.0945716331512621020
0.0993002148088252270
0.0980742862309385010
0.0908981189457478830
0.0788513802902873210
0.0638320697588040110
0.0480617937007465500
0.0335314839772650270
0.0215834839393889910
0.0127538768732753120
0.0068784953923282585
0.0033628199695827045
0.0014781626239923976
0.0005784114615622427
0.0001990232986020620
0.0000592835357538057
0.0000149768932430667
0.0000031201860923056
0.0000005146698708958
0.0000000630208005178
0.0000000050925899408
0.0000000002037035976

0.0009765625000000000
0.0097656250000000000
0.0439453125000000000
0.1171875000000000000
0.2050781250000000000
0.2460937500000000000
0.2050781250000000000
0.1171875000000000000
0.0439453125000000000
0.0097656250000000000
0.0009765625000000000

0.0000000000000000000
0.0000000000000000000
0.0000000000000000000
0.0000000000000000000
0.0000000000000000000
0.0000000000000000000
0.0000000000000000000
0.0000000000000000000
0.0000000000000000000
0.0000000000000000000
0.0000000000000000000
0.0000000000000000000
0.0000000000000000000
0.0000000000000000000
0.0000000000000000000
0.0000000000000000000
0.0000000000000000000
0.0000000000000000000
0.0000000000000000000
0.0000000000000000000
0.0000000000000000000
0.0000000000000000000
0.0000000000000000000
0.0000000000000000000
0.0000000000000000000
0.0000000000000000000
0.0000000000000000000
0.0000000000000000000
0.0000000000000000000
0.0000000000000000000
0.0000000000000000000
0.0000000000000000000
0.0000000000000000000
0.0000000000000000000
0.0000000000000000000
0.0000000000000000000
0.0000000000000000000
0.0000000000000000000
0.0000000000000000000
0.0000000000000000000
0.0000000000000000001
0.0000000000000000005
0.0000000000000000027
0.0000000000000000155
0.0000000000000000843
0.0000000000000004421
0.0000000000000022300
0.0000000000000108177
0.0000000000000504826
0.0000000000002266568
0.0000000000009791572
0.0000000000040702220
0.0000000000162808879
0.0000000000626660592
0.0000000002320965155
0.0000000008271075824
0.0000000028357974253
0.0000000093531564201
0.0000000296720824363
0.0000000905249972633
0.0000002655399919722
0.0000007487357150693
0.0000020288322601877
0.0000052814046138220
0.0000132035115345551
0.0000316884276829322
0.0000729794092091772
0.0001612082472083317
0.0003413821705588200
0.0006926594764961565
0.0013457384114782471
0.0025019362016215300
0.0044478865806604970
0.0075553141918068729
0.0122518608515787140
0.0189495447837750780
0.0279256449445106390
0.0391684370650279140
0.0522245827533705380
0.0661070667764184220
0.0793284801317021140
0.0901014836063777080
0.0966942750897712010
0.0978592663559130220
0.0931993012913457100
0.0833311399781443970
0.0697656055630976460
0.0545294388309268890
0.0396577736952195630
0.0267355777720581330
0.0166354706137250630
0.0095059832078428913
0.0049596434127875963
0.0023464979587382176
0.0009985097696758372
0.0003783826495613700
0.0001261275498537900
0.0000364079525351146
0.0000089162332739056
0.0000018012592472537
0.0000002882014795606
0.0000000342417599478
0.0000000026856282312
0.0000000001042962420

0.0000000000000000000
0.0000000000000000000
0.0000000000000000000
0.0000000000000000000
0.0000000000000000000
0.0000000000000000000
0.0000000000000000000
0.0000000000000000000
0.0000000000000000000
0.0000000000000000000
0.0000000000000000000
0.0000000000000000000
0.0000000000000000000
0.0000000000000000000
0.0000000000000000000
0.0000000000000000000
0.0000000000000000000
0.0000000000000000000
0.0000000000000000000
0.0000000000000000000
0.0000000000000000000
0.0000000000000000000
0.0000000000000000000
0.0000000000000000000
0.0000000000000000000
0.0000000000000000000
0.0000000000000000000
0.0000000000000000000
0.0000000000000000000
0.0000000000000000000
0.0000000000000000000
0.0000000000000000000
0.0000000000000000000
0.0000000000000000000
0.0000000000000000000
0.0000000000000000000
0.0000000000000000000
0.0000000000000000000
0.0000000000000000000
0.0000000000000000000
0.0000000000000000001
0.0000000000000000005
0.0000000000000000027
0.0000000000000000155
0.0000000000000000843
0.0000000000000004421
0.0000000000000022300
0.0000000000000108177
0.0000000000000504826
0.0000000000002266568
0.0000000000009791572
0.0000000000040702220
0.0000000000162808879
0.0000000000626660592
0.0000000002320965155
0.0000000008271075824
0.0000000028357974253
0.0000000093531564201
0.0000000296720824363
0.0000000905249972633
0.0000002655399919722
0.0000007487357150693
0.0000020288322601877
0.0000052814046138220
0.0000132035115345551
0.0000316884276829322
0.0000729794092091772
0.0001612082472083317
0.0003413821705588200
0.0006926594764961565
0.0013457384114782471
0.0025019362016215300
0.0044478865806604970
0.0075553141918068729
0.0122518608515787140
0.0189495447837750780
0.0279256449445106390
0.0391684370650279140
0.0522245827533705380
0.0661070667764184220
0.0793284801317021140
0.0901014836063777080
0.0966942750897712010
0.0978592663559130220
0.0931993012913457100
0.0833311399781443970
0.0697656055630976460
0.0545294388309268890
0.0396577736952195630
0.0267355777720581330
0.0166354706137250630
0.0095059832078428913
0.0049596434127875963
0.0023464979587382176
0.0009985097696758372
0.0003783826495613700
0.0001261275498537900
0.0000364079525351146
0.0000089162332739056
0.0000018012592472537
0.0000002882014795606
0.0000000342417599478
0.0000000026856282312
0.0000000001042962420

0.0000000000000000000
0.0000000000000000000
0.0000000000000000000
0.0000000000000000000
0.0000000000000000000
0.0000000000000000000
0.0000000000000000000
0.0000000000000000000
0.0000000000000000000
0.0000000000000000000
0.0000000000000000000
0.0000000000000000000
0.0000000000000000000
0.0000000000000000000
0.0000000000000000000
0.0000000000000000000
0.0000000000000000000
0.0000000000000000000
0.0000000000000000000
0.0000000000000000000
0.0000000000000000000
0.0000000000000000000
0.0000000000000000000
0.0000000000000000000
0.0000000000000000000
0.0000000000000000000
0.0000000000000000000
0.0000000000000000000
0.0000000000000000000
0.0000000000000000000
0.0000000000000000000
0.0000000000000000000
0.0000000000000000000
0.0000000000000000000
0.0000000000000000000
0.0000000000000000000
0.0000000000000000000
0.0000000000000000000
0.0000000000000000000
0.0000000000000000000
0.0000000000000000000
0.0000000000000000000
0.0000000000000000000
0.0000000000000000000
0.0000000000000000000
0.0000000000000000000
0.0000000000000000000
0.0000000000000000000
0.0000000000000000000
0.0000000000000000000
0.0000000000000000000
0.0000000000000000000
0.0000000000000000000
0.0000000000000000000
0.0000000000000000000
0.0000000000000000000
0.0000000000000000000
0.0000000000000000000
0.0000000000000000000
0.0000000000000000000
0.0000000000000000000
0.0000000000000000000
0.0000000000000000000
0.0000000000000000000
0.0000000000000000000
0.0000000000000000000
0.0000000000000000000
0.0000000000000000000
0.0000000000000000000
0.0000000000000000000
0.0000000000000000000
0.0000000000000000002
0.0000000000000000010
0.0000000000000000043
0.0000000000000000183
0.0000000000000000751
0.0000000000000003006
0.0000000000000011710
0.0000000000000044438
0.0000000000000164250
0.0000000000000591300
0.0000000000002073200
0.0000000000007079220
0.0000000000023540538
0.0000000000076226506
0.0000000000240337688
0.0000000000737780809
0.0000000002204862189
0.0000000006414144551
0.0000000018161398053
0.0000000050044741303
0.0000000134185899757
0.0000000350050173279
0.0000000888299364450
0.0000002192398431408
0.0000005261756235380
0.0000012277431215886
0.0000027845720283452
0.0000061374240624752
0.0000131427666792398
0.0000273369546928189
0.0000552152352211391
0.0001082651671002727
0.0002060191529286743
0.0003803430515606294
0.0006809951780323650
0.0011821048373391995
0.0019885875768322985
0.0032406612363193002
0.0051137039692377949
0.0078100206075631794
0.0115391295463095620
0.0164844707804422330
0.0227573224933538790
0.0303430966578051680
0.0390502461335231680
0.0484761676140287730
0.0580056706492651860
0.0668539932906785090
0.0741573707089879380
0.0791011954229204760
0.0810623820862986510
0.0797334905766872020
0.0751958122511846710
0.0679187981623603500
0.0586818416122793440
0.0484358057752146960
0.0381384297442635480
0.0286038223081976590
0.0203996252120479390
0.0138089770666170700
0.0088546112488231583
0.0053664310598928230
0.0030665320342244703
0.0016476888542101631
0.0008299469784169711
0.0003905632839609276
0.0001710496134135449
0.0000694114373272356
0.0000259668686404047
0.0000089029263909959
0.0000027782181645661
0.0000007825966660750
0.0000001970173425084
0.0000000437816316685
0.0000000084543840463
0.0000000013897617610
0.0000000001890832328
0.0000000000204414306
0.0000000000016462897
0.0000000000000878021
0.0000000000000023259

0.0039062500000000000
0.0312500000000000000
0.1093750000000000000
0.2187500000000000000
0.2734375000000000000
0.2187500000000000000
0.1093750000000000000
0.0312500000000000000
0.0039062500000000000

0.0000038146972656250
0.0000686645507812500
0.0005836486816406250
0.0031127929687500000
0.0116729736328125000
0.0326843261718750000
0.0708160400390625000
0.1213989257812500000
0.1669235229492187500
0.1854705810546875000
0.1669235229492187500
0.1213989257812500000
0.0708160400390625000
0.0326843261718750000
0.0116729736328125000
0.0031127929687500000
0.0005836486816406250
0.0000686645507812500
0.0000038146972656250

0.0000005963274465402
0.0000238473742628421
0.0004172289106556214
0.0041712879574004724
0.0260642940529530190
0.1042321594928650500
0.2605178719418249600
0.3720790859355948000
0.2324936280069969700

0.0000000000000000000
0.0000000000000000000
0.0000000000000000000
0.0000000000000000000
0.0000000000000000000
0.0000000000000000000
0.0000000000000000000
0.0000000000000000000
0.0000000000000000000
0.0000000000000000000
0.0000000000000000000
0.0000000000000000000
0.0000000000000000000
0.0000000000000000000
0.0000000000000000000
0.0000000000000000000
0.0000000000000000000
0.0000000000000000000
0.0000000000000000000
0.0000000000000000000
0.0000000000000000000
0.0000000000000000000
0.0000000000000000000
0.0000000000000000000
0.0000000000000000000
0.0000000000000000000
0.0000000000000000000
0.0000000000000000000
0.0000000000000000000
0.0000000000000000000
0.0000000000000000000
0.0000000000000000000
0.0000000000000000000
0.0000000000000000000
0.0000000000000000000
0.0000000000000000000
0.0000000000000000000
0.0000000000000000000
0.0000000000000000000
0.0000000000000000000
0.0000000000000000000
0.0000000000000000000
0.0000000000000000000
0.0000000000000000000
0.0000000000000000000
0.0000000000000000000
0.0000000000000000000
0.0000000000000000000
0.0000000000000000000
0.0000000000000000000
0.0000000000000000000
0.0000000000000000000
0.0000000000000000000
0.0000000000000000000
0.0000000000000000000
0.0000000000000000000
0.0000000000000000000
0.0000000000000000000
0.0000000000000000000
0.0000000000000000000
0.0000000000000000000
0.0000000000000000000
0.0000000000000000000
0.0000000000000000000
0.0000000000000000000
0.0000000000000000000
0.0000000000000000000
0.0000000000000000000
0.0000000000000000000
0.0000000000000000000
0.0000000000000000000
0.0000000000000000000
0.0000000000000000000
0.0000000000000000000
0.0000000000000000000
0.0000000000000000000
0.0000000000000000000
0.0000000000000000000
0.0000000000000000000
0.0000000000000000000
0.0000000000000000000
0.0000000000000000000
0.0000000000000000000
0.0000000000000000000
0.0000000000000000000
0.0000000000000000000
0.0000000000000000000
0.0000000000000000000
0.0000000000000000000
0.0000000000000000000
0.0000000000000000000
0.0000000000000000000
0.0000000000000000000
0.0000000000000000000
0.0000000000000000000
0.0000000000000000000
0.0000000000000000001
0.0000000000000000002
0.0000000000000000009
0.0000000000000000037
0.0000000000000000145
0.0000000000000000561
0.0000000000000002115
0.0000000000000007802
0.0000000000000028124
0.0000000000000099080
0.0000000000000341090
0.0000000000001147317
0.0000000000003770367
0.0000000000012103778
0.0000000000037952739
0.0000000000116223739
0.0000000000347550091
0.0000000001014725747
0.0000000002892164342
0.0000000008045830571
0.0000000021843349024
0.0000000057861652796
0.0000000149521775227
0.0000000376855202966
0.0000000926213407181
0.0000002219317657186
0.0000005183227551841
0.0000011796385945305
0.0000026155062331997
0.0000056481378564016
0.0000118761697000691
0.0000243075842300286
0.0000484136457184981
0.0000938023813312326
0.0001767389919155779
0.0003237189307590110
0.0005761795047840315
0.0009961615590331804
0.0016722579762288906
0.0027245072385535126
0.0043060919104910902
0.0065989950187413686
0.0098005027044071411
0.0140980590706304280
0.0196318704395705420
0.0264479457392426640
0.0344485627308441440
0.0433514224560702100
0.0526713787093629620
0.0617378332279508170
0.0697554668033009000
0.0759060994164473260
0.0794771774816182270
0.0799913826575480020
0.0773064489457111760
0.0716576548020559510
0.0636280404902020840
0.0540500684040690140
0.0438612816408576050
0.0339489731908523830
0.0250204814913385680
0.0175260672319592190
0.0116442752580708210
0.0073216862835360575
0.0043462080991804649
0.0024289743453612678
0.0012741560381931858
0.0006252026021552296
0.0002858472180797728
0.0001212394181368180
0.0000474618748322987
0.0000170480788958276
0.0000055798770811132
0.0000016504550823652
0.0000004367803373871
0.0000001021463230567
0.0000000207806014502
0.0000000036027078214
0.0000000005175062276
0.0000000000591293773
0.0000000000050382263
0.0000000000002845773
0.0000000000000079918

0.0000000000000592796
0.0000000000050375562
0.0000000002014538954
0.0000000050351389025
0.0000000880937874391
0.0000011449444390512
0.0000114466970733213
0.0000899167532635060
0.0005618448597366493
0.0028085502196673667
0.0112315052095924020
0.0357280324142844750
0.0892986485027692230
0.1716869636780896100
0.2452082386373332600
0.2451494004277022500
0.1531816102102611900
0.0450426041103111140

0.0000000000000592796
0.0000000000050375562
0.0000000002014538954
0.0000000050351389025
0.0000000880937874391
0.0000011449444390512
0.0000114466970733213
0.0000899167532635060
0.0005618448597366493
0.0028085502196673667
0.0112315052095924020
0.0357280324142844750
0.0892986485027692230
0.1716869636780896100
0.2452082386373332600
0.2451494004277022500
0.1531816102102611900
0.0450426041103111140

0.0000000000000592796
0.0000000000050375562
0.0000000002014538954
0.0000000050351389025
0.0000000880937874391
0.0000011449444390512
0.0000114466970733213
0.0000899167532635060
0.0005618448597366493
0.0028085502196673667
0.0112315052095924020
0.0357280324142844750
0.0892986485027692230
0.1716869636780896100
0.2452082386373332600
0.2451494004277022500
0.1531816102102611900
0.0450426041103111140

0.0000000000000000000
0.0000000000000000000
0.0000000000000000000
0.0000000000000000023
0.0000000000000000779
0.0000000000000020241
0.0000000000000421584
0.0000000000007225428
0.0000000000103840605
0.0000000001268858412
0.0000000013319816443
0.0000000121060184788
0.0000000958163161216
0.0000006631845563355
0.0000040255115020587
0.0000214642430532485
0.0001005894968671564
0.0004140926597098063
0.0014949757959642608
0.0047198433900559550
0.0129764548489111880
0.0308889074345065110
0.0631666955026908840
0.1098287626559397300
0.1601285131594586100
0.1921081080011184900
0.1846750108409072900
0.1367634797784692500
0.0732485695214232930
0.0252520666827470500
0.0042076678997666709

0.0000000109951162778
0.0000005772436045824
0.0000136373801582592
0.0001909233222156288
0.0017541080228560897
0.0110508805439933650
0.0483476023799709680
0.1450428071399128800
0.2855530265567035000
0.3331451976494873600
0.1749012287659808500

0.0000000109951162778
0.0000005772436045824
0.0000136373801582592
0.0001909233222156288
0.0017541080228560897
0.0110508805439933650
0.0483476023799709680
0.1450428071399128800
0.2855530265567035000
0.3331451976494873600
0.1749012287659808500

0.0000000000000000000
0.0000000000000000000
0.0000000000000000000
0.0000000000000000000
0.0000000000000000000
0.0000000000000000000
0.0000000000000000000
0.0000000000000000000
0.0000000000000000000
0.0000000000000000000
0.0000000000000000001
0.0000000000000000018
0.0000000000000000229
0.0000000000000002681
0.0000000000000028345
0.0000000000000272109
0.0000000000002380950
0.0000000000019047602
0.0000000000139682414
0.0000000000941018369
0.0000000005834313886
0.0000000033338936490
0.0000000175787119672
0.0000000856006843622
0.0000003852030796299
0.0000016024448112603
0.0000061632492740781
0.0000219137751967222
0.0000720024042178016
0.0002184900541781565
0.0006117721516988383
0.0015787668430937761
0.0037495712523477188
0.0081808827323950201
0.0163617654647900440
0.0299186568499018040
0.0498644280831696610
0.0754704857475000240
0.1032754015492105700
0.1271081865221053200
0.1398190051743158400
0.1364087855359179000
0.1169218161736439000
0.0870115841292233850
0.0553710080822330600
0.0295312043105242960
0.0128396540480540420
0.0043709460589120147
0.0010927365147280037
0.0001784059615882455
0.0000142724769270596

0.0000000000000000000
0.0000000000000000000
0.0000000000000000000
0.0000000000000000000
0.0000000000000000000
0.0000000000000000000
0.0000000000000000000
0.0000000000000000000
0.0000000000000000000
0.0000000000000000000
0.0000000000000000000
0.0000000000000000000
0.0000000000000000000
0.0000000000000000000
0.0000000000000000000
0.0000000000000000000
0.0000000000000000000
0.0000000000000000000
0.0000000000000000000
0.0000000000000000000
0.0000000000000000000
0.0000000000000000000
0.0000000000000000000
0.0000000000000000000
0.0000000000000000000
0.0000000000000000000
0.0000000000000000000
0.0000000000000000000
0.0000000000000000000
0.0000000000000000000
0.0000000000000000000
0.0000000000000000000
0.0000000000000000000
0.0000000000000000000
0.0000000000000000000
0.0000000000000000000
0.0000000000000000000
0.0000000000000000000
0.0000000000000000000
0.0000000000000000000
0.0000000000000000000
0.0000000000000000000
0.0000000000000000000
0.0000000000000000000
0.0000000000000000000
0.0000000000000000000
0.0000000000000000000
0.0000000000000000000
0.0000000000000000000
0.0000000000000000000
0.0000000000000000000
0.0000000000000000000
0.0000000000000000000
0.0000000000000000000
0.0000000000000000000
0.0000000000000000000
0.0000000000000000000
0.0000000000000000000
0.0000000000000000000
0.0000000000000000000
0.0000000000000000000
0.0000000000000000000
0.0000000000000000000
0.0000000000000000000
0.0000000000000000000
0.0000000000000000000
0.0000000000000000000
0.0000000000000000000
0.0000000000000000000
0.0000000000000000000
0.0000000000000000000
0.0000000000000000002
0.0000000000000000010
0.0000000000000000043
0.0000000000000000183
0.0000000000000000751
0.0000000000000003006
0.0000000000000011710
0.0000000000000044438
0.0000000000000164250
0.0000000000000591300
0.0000000000002073200
0.0000000000007079220
0.0000000000023540538
0.0000000000076226506
0.0000000000240337688
0.0000000000737780809
0.0000000002204862189
0.0000000006414144551
0.0000000018161398053
0.0000000050044741303
0.0000000134185899757
0.0000000350050173279
0.0000000888299364450
0.0000002192398431408
0.0000005261756235380
0.0000012277431215886
0.0000027845720283452
0.0000061374240624752
0.0000131427666792398
0.0000273369546928189
0.0000552152352211391
0.0001082651671002727
0.0002060191529286743
0.0003803430515606294
0.0006809951780323650
0.0011821048373391995
0.0019885875768322985
0.0032406612363193002
0.0051137039692377949
0.0078100206075631794
0.0115391295463095620
0.0164844707804422330
0.0227573224933538790
0.0303430966578051680
0.0390502461335231680
0.0484761676140287730
0.0580056706492651860
0.0668539932906785090
0.0741573707089879380
0.0791011954229204760
0.0810623820862986510
0.0797334905766872020
0.0751958122511846710
0.0679187981623603500
0.0586818416122793440
0.0484358057752146960
0.0381384297442635480
0.0286038223081976590
0.0203996252120479390
0.0138089770666170700
0.0088546112488231583
0.0053664310598928230
0.0030665320342244703
0.0016476888542101631
0.0008299469784169711
0.0003905632839609276
0.0001710496134135449
0.0000694114373272356
0.0000259668686404047
0.0000089029263909959
0.0000027782181645661
0.0000007825966660750
0.0000001970173425084
0.0000000437816316685
0.0000000084543840463
0.0000000013897617610
0.0000000001890832328
0.0000000000204414306
0.0000000000016462897
0.0000000000000878021
0.0000000000000023259

0.0000000000000000000
0.0000000000000000000
0.0000000000000000000
0.0000000000000000000
0.0000000000000000000
0.0000000000000000000
0.0000000000000000000
0.0000000000000000000
0.0000000000000000000
0.0000000000000000000
0.0000000000000000000
0.0000000000000000000
0.0000000000000000000
0.0000000000000000000
0.0000000000000000000
0.0000000000000000000
0.0000000000000000000
0.0000000000000000000
0.0000000000000000000
0.0000000000000000000
0.0000000000000000000
0.0000000000000000000
0.0000000000000000000
0.0000000000000000000
0.0000000000000000000
0.0000000000000000000
0.0000000000000000000
0.0000000000000000000
0.0000000000000000000
0.0000000000000000000
0.0000000000000000000
0.0000000000000000000
0.0000000000000000000
0.0000000000000000000
0.0000000000000000000
0.0000000000000000000
0.0000000000000000000
0.0000000000000000000
0.0000000000000000001
0.0000000000000000003
0.0000000000000000021
0.0000000000000000123
0.0000000000000000693
0.0000000000000003738
0.0000000000000019372
0.0000000000000096430
0.0000000000000461185
0.0000000000002119488
0.0000000000009361073
0.0000000000039736799
0.0000000000162126140
0.0000000000635788784
0.0000000002396434647
0.0000000008681423626
0.0000000030224215588
0.0000000101113739423
0.0000000325008448146
0.0000001003534857434
0.0000002975999922046
0.0000008474033676334
0.0000023162358715313
0.0000060753727777871
0.0000152864218279803
0.0000368815256802065
0.0000852885281354776
0.0001889468931001351
0.0004007964399093775
0.0008135569526518706
0.0015792576139712783
0.0029296373128742553
0.0051896432399486814
0.0087712280111808729
0.0141314229069025160
0.0216810871996312580
0.0316426678048672350
0.0438778326894159050
0.0577339903808104100
0.0719800399552960880
0.0848995343062466520
0.0945716331512621020
0.0993002148088252270
0.0980742862309385010
0.0908981189457478830
0.0788513802902873210
0.0638320697588040110
0.0480617937007465500
0.0335314839772650270
0.0215834839393889910
0.0127538768732753120
0.0068784953923282585
0.0033628199695827045
0.0014781626239923976
0.0005784114615622427
0.0001990232986020620
0.0000592835357538057
0.0000149768932430667
0.0000031201860923056
0.0000005146698708958
0.0000000630208005178
0.0000000050925899408
0.0000000002037035976

0.0000000000000000000
0.0000000000000000000
0.0000000000000000000
0.0000000000000000000
0.0000000000000000000
0.0000000000000000000
0.0000000000000000000
0.0000000000000000000
0.0000000000000000000
0.0000000000000000000
0.0000000000000000000
0.0000000000000000000
0.0000000000000000000
0.0000000000000000000
0.0000000000000000000
0.0000000000000000000
0.0000000000000000000
0.0000000000000000000
0.0000000000000000000
0.0000000000000000000
0.0000000000000000000
0.0000000000000000000
0.0000000000000000000
0.0000000000000000000
0.0000000000000000000
0.0000000000000000000
0.0000000000000000000
0.0000000000000000000
0.0000000000000000000
0.0000000000000000000
0.0000000000000000000
0.0000000000000000000
0.0000000000000000000
0.0000000000000000000
0.0000000000000000000
0.0000000000000000000
0.0000000000000000000
0.0000000000000000000
0.0000000000000000001
0.0000000000000000003
0.0000000000000000021
0.0000000000000000123
0.0000000000000000693
0.0000000000000003738
0.0000000000000019372
0.0000000000000096430
0.0000000000000461185
0.0000000000002119488
0.0000000000009361073
0.0000000000039736799
0.0000000000162126140
0.0000000000635788784
0.0000000002396434647
0.0000000008681423626
0.0000000030224215588
0.0000000101113739423
0.0000000325008448146
0.0000001003534857434
0.0000002975999922046
0.0000008474033676334
0.0000023162358715313
0.0000060753727777871
0.0000152864218279803
0.0000368815256802065
0.0000852885281354776
0.0001889468931001351
0.0004007964399093775
0.0008135569526518706
0.0015792576139712783
0.0029296373128742553
0.0051896432399486814
0.0087712280111808729
0.0141314229069025160
0.0216810871996312580
0.0316426678048672350
0.0438778326894159050
0.0577339903808104100
0.0719800399552960880
0.0848995343062466520
0.0945716331512621020
0.0993002148088252270
0.0980742862309385010
0.0908981189457478830
0.0788513802902873210
0.0638320697588040110
0.0480617937007465500
0.0335314839772650270
0.0215834839393889910
0.0127538768732753120
0.0068784953923282585
0.0033628199695827045
0.0014781626239923976
0.0005784114615622427
0.0001990232986020620
0.0000592835357538057
0.0000149768932430667
0.0000031201860923056
0.0000005146698708958
0.0000000630208005178
0.0000000050925899408
0.0000000002037035976

0.0060466175999999983
0.0403107839999999880
0.1209323519999999800
0.2149908479999999800
0.2508226560000000300
0.2006581248000000300
0.1114767360000000300
0.0424673280000000060
0.0106168320000000050
0.0015728640000000006
0.0001048576000000001

0.0009765625000000000
0.0097656250000000000
0.0439453125000000000
0.1171875000000000000
0.2050781250000000000
0.2460937500000000000
0.2050781250000000000
0.1171875000000000000
0.0439453125000000000
0.0097656250000000000
0.0009765625000000000

0.0009765625000000000
0.0097656250000000000
0.0439453125000000000
0.1171875000000000000
0.2050781250000000000
0.2460937500000000000
0.2050781250000000000
0.1171875000000000000
0.0439453125000000000
0.0097656250000000000
0.0009765625000000000

0.0009765625000000000
0.0097656250000000000
0.0439453125000000000
0.1171875000000000000
0.2050781250000000000
0.2460937500000000000
0.2050781250000000000
0.1171875000000000000
0.0439453125000000000
0.0097656250000000000
0.0009765625000000000

0.0000000000000000000
0.0000000000000000000
0.0000000000000000000
0.0000000000000000000
0.0000000000000000000
0.0000000000000000000
0.0000000000000000000
0.0000000000000000000
0.0000000000000000001
0.0000000000000000015
0.0000000000000000137
0.0000000000000001117
0.0000000000000008286
0.0000000000000056092
0.0000000000000348574
0.0000000000001998488
0.0000000000010616968
0.0000000000052460314
0.0000000000241900338
0.0000000001043990930
0.0000000004228163268
0.0000000016107288638
0.0000000057839809202
0.0000000196152396424
0.0000000629322271859
0.0000001913139706451
0.0000005518672230148
0.0000015125249815961
0.0000039433687020183
0.0000097904326394937
0.0000231706905801352
0.0000523209142132085
0.0001128169712722307
0.0002324713347427785
0.0004581052772872399
0.0008638556657416523
0.0015597393964779836
0.0026979276047186746
0.0044728799762441176
0.0071107322699265462
0.0108438667116379800
0.0158690732365433860
0.0222922695465728530
0.0300686426442145490
0.0389525597890961260
0.0484742966264307270
0.0579583981402976150
0.0665904999909802400
0.0735270104067073520
0.0780286641050771810
0.0795892373871787270
0.0780286641050771810
0.0735270104067073520
0.0665904999909802400
0.0579583981402976150
0.0484742966264307270
0.0389525597890961260
0.0300686426442145490
0.0222922695465728530
0.0158690732365433860
0.0108438667116379800
0.0071107322699265462
0.0044728799762441176
0.0026979276047186746
0.0015597393964779836
0.0008638556657416523
0.0004581052772872399
0.0002324713347427785
0.0001128169712722307
0.0000523209142132085
0.0000231706905801352
0.0000097904326394937
0.0000039433687020183
0.0000015125249815961
0.0000005518672230148
0.0000001913139706451
0.0000000629322271859
0.0000000196152396424
0.0000000057839809202
0.0000000016107288638
0.0000000004228163268
0.0000000001043990930
0.0000000000241900338
0.0000000000052460314
0.0000000000010616968
0.0000000000001998488
0.0000000000000348574
0.0000000000000056092
0.0000000000000008286
0.0000000000000001117
0.0000000000000000137
0.0000000000000000015
0.0000000000000000001
0.0000000000000000000
0.0000000000000000000
0.0000000000000000000
0.0000000000000000000
0.0000000000000000000
0.0000000000000000000
0.0000000000000000000
0.0000000000000000000

0.0009765625000000000
0.0097656250000000000
0.0439453125000000000
0.1171875000000000000
0.2050781250000000000
0.2460937500000000000
0.2050781250000000000
0.1171875000000000000
0.0439453125000000000
0.0097656250000000000
0.0009765625000000000

0.0009765625000000000
0.0097656250000000000
0.0439453125000000000
0.1171875000000000000
0.2050781250000000000
0.2460937500000000000
0.2050781250000000000
0.1171875000000000000
0.0439453125000000000
0.0097656250000000000
0.0009765625000000000

0.0000059049000000000
0.0001377810000000000
0.0014467004999999993
0.0090016919999999952
0.0367569089999999900
0.1029193451999999400
0.2001209489999999100
0.2668279319999998200
0.2334744404999998800
0.1210608209999999300
0.0282475248999999800

0.0000059049000000000
0.0001377810000000000
0.0014467004999999993
0.0090016919999999952
0.0367569089999999900
0.1029193451999999400
0.2001209489999999100
0.2668279319999998200
0.2334744404999998800
0.1210608209999999300
0.0282475248999999800

