0.0010113572599530021
0.0010394216443504647
0.0010682647937825948
0.0010979083183788230
0.0011283744279330145
0.0011596859485436943
0.0011918663397160270
0.0012249397119383628
0.0012589308447465187
0.0012938652052893308
0.0013297689674093842
0.0013666690312532212
0.0014045930434257155
0.0014435694177037158
0.0014836273563244768
0.0015247968718648272
0.0015671088097274689
0.0016105948712512527
0.0016552876374627469
0.0017012205934868933
0.0017484281536350392
0.0017969456871891462
0.0018468095449014864
0.0018980570862296882
0.0019507267073275315
0.0020048578698124682
0.0020604911303314165
0.0021176681709469854
0.0021764318303668915
0.0022368261360399704
0.0022988963371428270
0.0023626889384818365
0.0024282517353359061
0.0024956338492660903
0.0025648857649189010
0.0026360593678508744
0.0027092079834027489
0.0027843864166523626
0.0028616509934762209
0.0029410596027504838
0.0030226717397230053
0.0031065485505889054
0.0031927528783030892
0.0032813493096640178
0.0033724042237040265
0.0034659858414224321
0.0035621642768986972
0.0036610115898239441
0.0037626018394901787
0.0038670111402776763
0.0039743177186820928
0.0040846019719240415
0.0041979465281850384
0.0043144363085149415
0.0044341585904572886
0.0045572030734401733
0.0046836619459816788
0.0048136299547602039
0.0049472044756014438
0.0050844855864351935
0.0052255761422766635
0.0053705818522884526
0.0055196113589809376
0.0056727763196104189
0.0058301914898359905
0.0059919748096978320
0.0061582474919813276
0.0063291341130332253
0.0065047627060978675
0.0066852648572434418
0.0068707758039500931
0.0070614345364338063
0.0072573839017819183
0.0074587707109783335
0.0076657458488985962
0.0078784643873572417
0.0080970857012921289
0.0083217735881727962
0.0085526963907222985
0.0087900271230444988
0.0090339436002512836
0.0092846285716868277
0.0095422698578487460
0.0098070604911086809
0.0100791988603378000
0.0103588888595455300
0.0106463400406428870
0.0109417677704449000
0.0112453933920297030
0.0115574443905752340
0.0118781545637977760
0.0122077641971200160
0.0125465202436999150
0.0128946765094552040
0.0132524938432222040
0.0136202403321913720
0.0139981915027660560
0.0143866305269949190
0.0147858484347327040
0.0151961443316882860
0.0156178256235234190
0.0160512082461700090
0.0164966169025385500
0.0169543853057950170
0.0174248564293885060
0.0179083827640169650
0.0184053265817235020
0.0189160602073211730
0.0194409662973496110
0.0199804381267724710
0.0205348798836304940
0.0211047069718710120
0.0216903463225806910
0.0222922367138547700
0.0229108290995424170
0.0235465869471145100
0.0241999865849069980
0.0248715175589999950
0.0255616829999999980
0.0262709999999999990
0.0270000000000000000

0.0010109598429282355
0.0012131566641405394
0.0014557938201439275
0.0017469595720110013
0.0020963598718526889
0.0025156419087908615
0.0030187823656784968
0.0036225533290275120
0.0043470813831585466
0.0052165185258643606
0.0062598472704263140
0.0075118467718986630
0.0090142521832871289
0.0108171458885281110
0.0129806269887416860
0.0155768146937487980
0.0186922524015081630
0.0224307926049802170
0.0269170587942114300
0.0323005997554527410
0.0387608747500422930
0.0465132357529937650
0.0558161061680171810
0.0669795953200019030
0.0803758358873458280
0.0964513888703704690
0.1157421296129630100
0.1388911111000000200
0.1666700000000000100

0.0019531250000000000
0.0039062500000000000
0.0078125000000000000
0.0156250000000000000
0.0312500000000000000
0.0625000000000000000
0.1250000000000000000
0.2500000000000000000
0.5000000000000000000

0.0010109598429282355
0.0012131566641405394
0.0014557938201439275
0.0017469595720110013
0.0020963598718526889
0.0025156419087908615
0.0030187823656784968
0.0036225533290275120
0.0043470813831585466
0.0052165185258643606
0.0062598472704263140
0.0075118467718986630
0.0090142521832871289
0.0108171458885281110
0.0129806269887416860
0.0155768146937487980
0.0186922524015081630
0.0224307926049802170
0.0269170587942114300
0.0323005997554527410
0.0387608747500422930
0.0465132357529937650
0.0558161061680171810
0.0669795953200019030
0.0803758358873458280
0.0964513888703704690
0.1157421296129630100
0.1388911111000000200
0.1666700000000000100

0.0010109598429282355
0.0012131566641405394
0.0014557938201439275
0.0017469595720110013
0.0020963598718526889
0.0025156419087908615
0.0030187823656784968
0.0036225533290275120
0.0043470813831585466
0.0052165185258643606
0.0062598472704263140
0.0075118467718986630
0.0090142521832871289
0.0108171458885281110
0.0129806269887416860
0.0155768146937487980
0.0186922524015081630
0.0224307926049802170
0.0269170587942114300
0.0323005997554527410
0.0387608747500422930
0.0465132357529937650
0.0558161061680171810
0.0669795953200019030
0.0803758358873458280
0.0964513888703704690
0.1157421296129630100
0.1388911111000000200
0.1666700000000000100

0.0019531250000000000
0.0039062500000000000
0.0078125000000000000
0.0156250000000000000
0.0312500000000000000
0.0625000000000000000
0.1250000000000000000
0.2500000000000000000
0.5000000000000000000

0.0019531250000000000
0.0039062500000000000
0.0078125000000000000
0.0156250000000000000
0.0312500000000000000
0.0625000000000000000
0.1250000000000000000
0.2500000000000000000
0.5000000000000000000

0.0011805916207174129
0.0014757395258967660
0.0018446744073709574
0.0023058430092136968
0.0028823037615171208
0.0036028797018964006
0.0045035996273705007
0.0056294995342131247
0.0070368744177664068
0.0087960930222080076
0.0109951162777600090
0.0137438953472000090
0.0171798691840000100
0.0214748364800000130
0.0268435456000000150
0.0335544320000000160
0.0419430400000000150
0.0524288000000000250
0.0655360000000000250
0.0819200000000000210
0.1024000000000000300
0.1280000000000000300
0.1600000000000000300
0.2000000000000000100

0.0011805916207174129
0.0014757395258967660
0.0018446744073709574
0.0023058430092136968
0.0028823037615171208
0.0036028797018964006
0.0045035996273705007
0.0056294995342131247
0.0070368744177664068
0.0087960930222080076
0.0109951162777600090
0.0137438953472000090
0.0171798691840000100
0.0214748364800000130
0.0268435456000000150
0.0335544320000000160
0.0419430400000000150
0.0524288000000000250
0.0655360000000000250
0.0819200000000000210
0.1024000000000000300
0.1280000000000000300
0.1600000000000000300
0.2000000000000000100

0.0011805916207174129
0.0014757395258967660
0.0018446744073709574
0.0023058430092136968
0.0028823037615171208
0.0036028797018964006
0.0045035996273705007
0.0056294995342131247
0.0070368744177664068
0.0087960930222080076
0.0109951162777600090
0.0137438953472000090
0.0171798691840000100
0.0214748364800000130
0.0268435456000000150
0.0335544320000000160
0.0419430400000000150
0.0524288000000000250
0.0655360000000000250
0.0819200000000000210
0.1024000000000000300
0.1280000000000000300
0.1600000000000000300
0.2000000000000000100

